4294967278,174
4294967278,336
4294967278,390
4294967278,62
4294967278,61
4294967278,60
4294967278,59
4294967278,58
4294967278,57
4294967278,56
4294967278,55
4294967278,54
4294967278,53
4294967278,52
4294967278,51
4294967278,50
4294967278,49
4294967278,48
4294967278,46
4294967278,45
4294967278,44
4294967278,43
4294967278,42
4294967278,41
4294967278,40
4294967278,39
4294967278,38
4294967278,37
4294967278,36
4294967278,35
4294967278,34
4294967278,33
4294967278,32
4294967278,31
4294967278,30
4294967278,29
4294967278,28
4294967278,27
4294967278,26
4294967278,25
4294967278,24
4294967278,23
4294967278,22
4294967278,21
4294967278,20
4294967278,19
4294967278,18
4294967278,17
4294967278,16
4294967278,267
4294967278,15
4294967278,14
4294967278,13
4294967278,12
4294967278,11
4294967278,10
4294967278,9
4294967278,8
4294967278,7
4294967278,6
4294967278,5
4294967278,4
4294967279,132
4294967279,130
4294967279,129
4294967279,128
4294967279,127
4294967279,125
4294967279,124
4294967279,123
4294967279,122
4294967279,86
4294967279,84
4294967279,82
4294967279,79
4294967279,75
4294967279,74
4294967279,73
4294967279,72
4294967279,70
4294967279,69
4294967279,68
4294967279,67
4294967279,64
4294967279,60
4294967279,58
4294967279,57
4294967279,54
4294967279,53
4294967279,51
4294967279,50
4294967279,47
4294967279,45
4294967279,44
4294967279,42
4294967279,40
4294967279,39
4294967279,38
4294967279,34
4294967279,33
4294967279,25
4294967279,22
4294967279,20
4294967294,422
4294967279,140
4294967279,139
4294967279,135
4294967279,133
4294967294,1095
4294967278,444
4294967279,273
4294967279,14
273,7
4294967278,391
4294967279,131
4294967278,405
4294967278,262
4294967279,268
4294967279,285
4294967278,443
273,6
273,5
273,4
273,3
273,2
273,1
4294967279,121
4294967279,261
4294967278,413
4294967279,126
270,7
4294967279,511
4294967278,442
4294967294,399
4294967294,167
4294967294,406
4294967294,535
4294967294,464
270,6
270,5
270,4
270,3
270,2
270,1
4294967278,441
4294967279,510
267,6
4294967278,440
4294967279,509
4294967279,191
4294967278,188
267,5
267,4
267,3
267,2
267,1
4294967278,181
4294967278,381
4294967279,66
4294967279,485
4294967278,439
4294967278,438
4294967279,481
4294967294,1354
4294967294,1002
4294967294,1009
4294967278,175
4294967279,62
4294967279,468
4294967278,167
265,8
4294967278,170
265,7
265,6
265,5
4294967279,170
265,4
265,3
265,2
265,1
4294967278,437
4294967279,169
4294967279,166
4294967278,166
4294967278,302
4294967279,451
4294967279,508
4294967278,165
4294967279,165
4294967279,163
4294967279,48
4294967279,419
4294967278,47
4294967278,414
4294967279,507
4294967279,159
4294967278,154
264,5
264,4
264,3
264,2
264,1
4294967279,152
4294967278,149
4294967279,147
4294967279,146
4294967294,1023
4294967294,168
4294967294,461
4294967294,189
4294967294,469
4294967278,436
4294967279,279
4294967279,506
4294967278,406
4294967278,289
4294967279,434
4294967278,270
4294967279,291
4294967278,271
4294967279,274
4294967279,460
4294967278,372
4294967279,269
4294967279,287
4294967279,264
4294967278,435
4294967278,366
4294967278,434
4294967279,413
4294967279,432
4294967278,341
4294967278,338
260,4
260,3
260,2
260,1
4294967279,405
4294967278,253
259,4
259,3
259,2
259,1
4294967278,251
4294967278,398
4294967278,395
258,6
4294967279,240
4294967278,242
4294967279,243
4294967279,454
258,5
258,4
258,3
258,2
258,1
4294967278,433
256,5
4294967278,432
4294967278,225
4294967278,211
257,5
257,4
257,3
257,2
257,1
4294967278,207
4294967278,431
4294967294,1
4294967278,204
4294967294,395
4294967294,413
4294967294,178
4294967294,425
4294967294,384
4294967294,398
4294967294,119
4294967294,458
4294967294,410
4294967278,410
4294967278,132
4294967278,131
4294967278,129
4294967278,128
4294967278,126
4294967278,125
4294967278,403
4294967278,123
4294967278,121
4294967278,119
4294967278,118
4294967278,384
4294967278,317
4294967278,235
4294967278,111
4294967278,231
4294967278,109
4294967278,108
4294967278,107
4294967278,106
4294967278,401
4294967278,104
4294967278,102
4294967278,337
4294967278,358
4294967278,239
4294967278,93
4294967278,92
4294967278,91
4294967278,90
4294967278,89
4294967278,87
4294967278,260
4294967278,85
4294967278,84
4294967278,81
4294967278,80
4294967278,79
4294967278,78
4294967278,76
4294967278,75
4294967278,74
4294967278,73
4294967278,70
4294967278,69
4294967278,68
4294967278,66
4294967278,65
4294967278,64
4294967278,63
4294967278,402
4294967278,407
4294967278,404
4294967279,385
4294967279,473
4294967279,472
4294967279,134
4294967279,483
4294967279,221
4294967279,215
4294967279,427
4294967279,445
4294967279,452
4294967279,83
4294967279,81
4294967279,80
4294967279,78
4294967279,71
4294967279,65
4294967279,61
4294967279,59
4294967279,56
4294967279,55
4294967279,295
4294967279,36
4294967279,32
4294967279,293
4294967279,31
4294967279,29
4294967279,28
4294967279,27
4294967279,24
4294967279,23
4294967279,21
4294967279,19
4294967279,17
4294967279,260
4294967279,467
4294967294,1177
4294967278,203
4294967294,89
4294967278,202
256,4
256,3
256,2
256,1
4294967278,201
4294967278,200
4294967279,85
4294967278,86
4294967278,332
4294967279,484
4294967279,443
255,6
4294967278,82
4294967278,195
4294967279,399
4294967278,83
4294967278,312
4294967279,197
255,5
4294967278,194
4294967278,193
255,4
255,3
255,2
255,1
4294967294,1358
4294967278,192
4294967294,1014
4294967279,76
4294967278,77
4294967279,77
254,5
4294967278,72
254,4
254,3
254,2
254,1
4294967278,328
4294967279,388
4294967278,71
4294967278,316
4294967279,63
4294967279,308
4294967278,67
4294967279,177
253,4
253,3
253,2
253,1
4294967278,176
4294967279,176
4294967278,173
4294967279,175
4294967278,171
4294967279,172
4294967279,171
4294967279,505
4294967278,388
4294967279,168
4294967294,18
4294967294,185
4294967294,170
4294967294,401
4294967294,1096
4294967294,68
4294967294,11
4294967278,430
4294967279,52
4294967279,299
4294967278,301
4294967279,300
4294967279,49
4294967279,160
4294967279,46
4294967279,43
4294967279,297
4294967278,386
4294967279,41
4294967279,394
4294967278,348
4294967279,455
4294967279,225
4294967279,150
4294967294,491
4294967279,435
4294967279,37
4294967279,35
4294967278,145
4294967279,144
4294967279,30
4294967279,450
4294967278,291
4294967294,390
4294967279,26
4294967278,137
0,7
4294967279,18
4294967279,16
4294967279,15
4294967279,471
4294967278,265
4294967279,13
4294967279,12
